index_size,memtable_size,sst_size,block_cache/block_cache_capacity,block_cache_pinned_usage
0,19472,0,0/8388608,0
0,33968,0,0/8388608,0
0,48448,0,0/8388608,0
0,62976,0,0/8388608,0
0,77448,0,0/8388608,0
0,91952,0,0/8388608,0
0,106528,0,0/8388608,0
0,121016,0,0/8388608,0
0,135536,0,0/8388608,0
0,150048,0,0/8388608,0
0,222504,0,0/8388608,0
0,295008,0,0/8388608,0
0,367504,0,0/8388608,0
0,439992,0,0/8388608,0
0,512576,0,0/8388608,0
0,585088,0,0/8388608,0
0,657680,0,0/8388608,0
0,730208,0,0/8388608,0
0,875144,0,0/8388608,0
0,1020384,0,0/8388608,0
0,1165248,0,0/8388608,0
0,1310336,0,0/8388608,0
0,1455360,0,0/8388608,0
0,2181088,0,0/8388608,0
0,2906528,0,0/8388608,0
0,3631824,0,0/8388608,0
0,4356992,0,0/8388608,0
0,5082656,0,0/8388608,0
0,5807616,0,0/8388608,0
0,6533032,0,0/8388608,0
0,7258400,0,0/8388608,0
0,8712952,0,0/8388608,0
0,10163808,0,0/8388608,0
0,11613800,0,0/8388608,0
0,13064168,0,0/8388608,0
0,14514648,0,0/8388608,0
0,21772080,0,0/8388608,0
0,29029288,0,0/8388608,0
0,36285448,0,0/8388608,0
0,43542424,0,0/8388608,0
0,50799800,0,0/8388608,0
0,58051752,0,0/8388608,0
0,65312712,0,0/8388608,0
0,72565752,0,0/8388608,0
0,87080136,0,0/8388608,0
383176,36547256,30092884,0/8388608,0
383176,51054096,30092884,0/8388608,0
383176,65558744,30092884,0/8388608,0
383176,80065640,30092884,0/8388608,0
383176,94570440,30092884,0/8388608,0
766480,44041432,60218029,0/8388608,0
766480,58551456,60218029,0/8388608,0
766480,73058568,60218029,0/8388608,0
766480,87564824,60218029,0/8388608,0
1149608,37057672,90336271,0/8388608,0
1149608,51563832,90336271,0/8388608,0
1149608,66068592,90336271,0/8388608,0
1149608,80576912,90336271,0/8388608,0
1149608,95082728,90336271,0/8388608,0
1533104,44576144,120479303,16384/8388608,16384
1533104,59082712,120479303,12288/8388608,12288
1533104,73589760,120479303,16384/8388608,16384
1533104,88096904,120479303,16384/8388608,16384
1916104,37591088,150586956,16384/8388608,16384
1916104,52097584,150586956,16384/8388608,16384
1916104,66604160,150586956,16384/8388608,16384
1916104,81108016,150586956,16384/8388608,16384
1916104,95614960,150586956,16384/8388608,16384
2205520,45107944,166174057,0/8388608,0
2205520,59611912,166174057,0/8388608,0
2205520,74121064,166174057,0/8388608,0
2205520,88626928,166174057,0/8388608,0
2205520,103134160,166174057,0/8388608,0
2588712,52628304,196281356,0/8388608,0
2588712,67133408,196281356,0/8388608,0
2588712,81639728,196281356,0/8388608,0
2588712,96146504,196281356,0/8388608,0
2971920,45641768,226399566,20480/8388608,20480
2971920,60147904,226399566,20480/8388608,20480
2971920,74654912,226399566,20480/8388608,20480
2971920,89160104,226399566,16384/8388608,20480
3355112,38655168,256523178,20480/8388608,20480
3355112,53161584,256523178,20480/8388608,20480
3355112,67669832,256523178,20480/8388608,20480
3355112,82175408,256523178,20480/8388608,20480
3355112,96681032,256523178,20480/8388608,20480
3738320,46173416,286642095,20480/8388608,20480
3738320,60679144,286642095,20480/8388608,20480
3738320,75184464,286642095,20480/8388608,20480
3738320,89689920,286642095,20480/8388608,20480
4121608,39180688,316766963,20480/8388608,20480
4121608,53687856,316766963,20480/8388608,16384
4121608,68196992,316766963,20480/8388608,20480
4121608,82700936,316766963,0/8388608,0
3793488,97208656,511201842,0/8388608,0
4176760,46700136,314921480,16384/8388608,16384
